2017
1991
1999
1992
1998
1983
2005
2000
2007
1996
1990
2004
2011
2002
1983
2001
2009
2001
2009
1992
1988
2010
2005
2001
1991
2008
1998
1989
2017
1992
2008
2002
1995
1986
1982
1994
1982
1984
2008
2014
2006
1991
1999
1991
1991
2009
1982
2000
1994
2015
1982
2009
1989
2012
1998
2003
1984
1989
1985
1997
1991
2004
1984
1986
2013
1996
2010
2005
1989
2007
2011
2016
2007
2009
2005
1998
2006
1998
1997
1995
2002
2009
2006
1993
2006
1999
1998
1996
1998
2005
1993
2016
1995
2008
1999
1991
1996
1996
1990
1991
1990
1996
2009
2003
1984
2000
1998
2001
1995
1992
2007
1983
1988
1998
1997
2006
2015
1998
1990
1985
1982
1991
2013
1984
1992
2011
1982
1998
1994
2001
2007
1982
2009
1991
1994
1995
2002
2003
1996
1987
1988
2013
1990
1989
1992
2013
2000
2002
2000
1984
2001
2000
2002
2013
2013
1996
2003
2002
2013
1988
2006
1983
2006
2004
2014
1991
2009
1990
2014
2002
1982
1984
1995
2008
2016
1984
2002
1986
2003
2000
2004
2000
1985
2002
1988
1997
2015
1992
2010
2008
1987
1996
1993
2003
2012
2016
2008
1990
1990
2001
1987
1991
1995
1985
1982
2016
1994
2006
1988
2005
2013
1987
2004
2002
1998
1999
2015
1987
2013
1983
2007
2011
2013
1983
2009
2000
2015
2011
2000
2009
1985
2002
1988
2012
2013
1982
1982
2012
2007
2009
1998
2009
1994
2001
1999
1996
2013
2016
2012
2000
2017
1981
1984
2013
1983
2006
1992
1985
1983
1989
2013
2000
2006
2003
2007
2011
2010
1981
2006
1986
1990
1988
1982
1991
2001
2003
1996
2009
2012
2013
1999
2007
1992
1999
2004
1989
2014
2002
1999
2005
2005
1981
2011
1987
2004
2009
2013
1994
2001
1986
1991
1994
2006
1982
1997
2008
2003
2014
2004
2010
1996
2017
2006
2004
2005
2000
1999
2007
2004
1999
2015
1993
2008
1989
2010
1999
2003
1984
1993
1991
1995
2010
2015
1988
1988
2011
2000
1994
2005
1986
1991
1986
1992
1983
2016
1995
2016
2000
2013
1989
1994
2011
2016
2017
1990
2008
1986
1997
1995
2006
2006
2001
1981
2006
2013
1997
1985
2016
2011
2005
2009
1997
1991
1997
2009
1996
2009
1985
2013
2012
1988
2006
2013
1997
2012
2004
1985
1998
1983
2009
1987
1993
1985
2000
1999
2003
1999
2009
1988
1988
1985
2014
2008
2004
2004
1993
2006
1994
2015
2004
2009
1987
1990
2016
1995
1999
1984
2007
1987
1986
2009
2016
2007
1991
2013
1983
2016
1995
1992
2014
1988
2012
2013
1992
2003
1981
2004
1999
2004
2007
1985
2013
1999
1991
2006
2000
2013
1987
2015
2016
1985
2001
2006
1995
1997
1981
2016