2980000
1300000
800000
11200000
280000
690000
1600000
7230000
13830000
4310000
60060000
9590000
26950000
2310000
34080000
16940000
112250000
24670000
2540000
39680000
31880000
1210000
3210000
380000
36250000
54640000
36740000
1420000
3440000
2590000
50230000
11090000
450000
2910000
370000
3090000
840000
3260000
13760000
9140000
90140000
2450000
4500000
41440000
3060000
18990000
33630000
3380000
1330000
2730000
37730000
4180000
18870000
17060000
1170000
2290000
31290000
530000
9190000
9680000
2030000
142060000
54410000
31970000
14270000
2820000
12410000
2660000
1500000
9330000
65480000
2280000
4980000
15660000
64520000
51970000
23890000
29630000
23400000
87240000
93090000
3320000
4910000
8080000
3150000
810000
16420000
58390000
23210000
29420000
26700000
10620000
28790000
3430000
2380000
13210000
67260000
5340000
29680000
32240000
62400000
3400000
320000
179070000
2730000
28780000
44970000
970000
23800000
410000
39250000
800000
2030000
9880000
2430000
37980000
18160000
20470000
27830000
16070000
970000
1510000
4440000
67690000
280000
1990000
3290000
63960000
9540000
11810000
26160000
780000
40070000
69260000
72660000
24650000
10640000
780000
48220000
25730000
24550000
10660000
3810000
12540000
5390000
1050000
420000
3370000
410000
2770000
2210000
25130000
2600000
7000000
840000
12930000
77640000
3880000
13110000
2300000
24580000
57420000
280000
18940000
15360000
22760000
14290000
20280000
810000
6070000
18560000
23810000
460000
5110000
810000
8530000
29300000
9290000
5090000
280000
1970000
38420000
3370000
3570000
2330000
16090000
280000
13630000
3300000
10400000
5040000
5860000
30850000
55080000
17120000
10700000
18260000
5470000
33060000
28100000
3290000
6590000
1060000
420000
26650000
4720000
20960000
1530000
930000
4730000
17740000
4600000
1650000
53400000
9170000
40240000
25510000
19530000
4870000
30810000
1780000
13700000
71770000
17660000
2120000
4850000
1150000
980000
139180000
3090000
1290000
2190000
1090000
8380000
13260000
3430000
26220000
3120000
4710000
16280000
60360000
820000
2760000
12210000
90310000
68460000
3300000
37600000
46780000
2470000
18820000
38600000
3350000
14840000
13920000
40530000
29580000
910000
43110000
640000
12130000
5060000
580000
20260000
1270000
12790000
10350000
47570000
23560000
16910000
25670000
2100000
13820000
46550000
27210000
121890000
970000
3120000
35010000
39390000
2600000
8810000
19780000
4520000
2280000
13390000
2970000
680000
24410000
6500000
8640000
8170000
40370000
820000
1840000
15300000
20220000
25210000
8160000
1050000
19200000
2950000
63530000
4110000
116640000
280000
24680000
10200000
280000
17890000
840000
46020000
3440000
98470000
2020000
7900000
1950000
31700000
280000
1720000
25630000
15580000
114280000
26770000
22870000
40920000
1440000
25470000
14620000
2060000
2880000
8120000
20370000
12280000
3470000
1840000
4010000
1860000
2170000
2420000
40450000
11500000
590000
32190000
6610000
730000
2920000
3820000
12910000
1710000
46100000
1190000
19500000
27360000
132390000
23810000
10420000
15100000
48210000
40140000
870000
39290000
13700000
14420000
2060000
570000
14710000
8760000
1820000
19140000
5540000
33380000
1940000
3080000
29840000
36400000
19540000
54340000
2720000
27600000
183360000
280000
13660000
25250000
36120000
2900000
60480000
3950000
54570000
280000
51080000
34770000
55980000
49260000
28700000
950000
1990000
88970000
1510000
45640000
1320000
12710000
280000
82600000
23920000
280000
30820000
103720000
3360000
2460000
9940000
2800000
38940000
44770000
24480000
6170000
520000
7690000
1170000
1350000
31310000
36110000
15920000
15300000
2310000
3920000
68940000
19510000
61700000
19200000
2970000
35690000
29660000
21120000
2770000
15030000
50140000
24640000
10460000
30220000
6900000
2590000
3430000
22040000
8220000
7560000
56310000
34600000
1430000
630000
44380000
36750000
25320000
14790000
2200000
84640000
20190000